002
003
005
016
019
021
022
023
024
032
033
034
037
041
042
043
044
045
047
048
050
051
060
061
062
073
076
083
088
089
090
091
092
093
094
095
100
103
106
114
115
119
120
124
126
129
130
131
133
136
137
140
143
161
163
164
165
166
168
169
184
185
189
190
193
197
198
200
201
204
208
210
212
213
214
215
217
218
219
220
221
224
225
228
229
233
240
244
250
256
260
267
269
270
273
275
276
277
285
289
291
294
298
299
302
305
306
317
318
320
321
323
336
338
340
342
344
345
347
348
353
354
355
357
361
362
367
369
374
375
376
382
383
384
389
394
395
396
397
398
399
400
401
402
405
408
409
412
413
414
419
420
423
424
425
426
427
428
429
430
432
434
435
436
438
441
443
444
445
446
448
451
452
453
454
456
457
461
464
465
467
469
473
474
475
476
479
483
484
485
487
491