001 0.61604
002 0.462721
003 0.5451
004 0.724984
005 0.491232
006 0.601881
007 0.708672
008 0.748101
009 0.64938
010 0.718227
011 0.621901
012 0.630765
013 0.638418
014 0.773358
015 0.802686
016 0.460133
017 0.906494
018 0.887968
019 0.478938
020 0.640308
021 0.459023
022 0.488446
023 0.463613
024 0.589331
025 0.851867
026 0.751316
027 0.77978
028 0.730616
029 0.759855
030 0.681913
031 0.633158
032 0.414212
033 0.535174
034 0.487512
035 0.839059
036 0.863238
037 0.555764
038 0.92374
039 0.800818
040 0.777334
041 0.463772
042 0.376687
043 0.477076
044 0.558871
045 0.386918
046 0.602374
047 0.571063
048 0.38278
049 0.642519
050 0.561415
051 0.476553
052 0.91165
053 0.861286
054 0.798752
055 0.674705
056 0.902441
057 0.89772
058 0.65431
059 0.864944
060 0.535375
061 0.550271
062 0.577639
063 0.82454
064 0.852543
065 0.797661
066 0.755805
067 0.623455
068 0.670823
069 0.817864
070 0.864195
071 0.84222
072 0.649035
073 0.0574754
074 0.645383
075 0.697487
076 0.558651
077 0.827553
078 0.8708
079 0.72033
080 0.683053
081 0.705858
082 0.708434
083 0.595665
084 0.619222
085 0.62457
086 0.931629
087 0.858439
088 0.500468
089 0.467463
090 0.501135
091 0.483847
092 0.43826
093 0.485071
094 0.274986
095 0.564071
096 0.728724
097 0.839396
098 0.852155
099 0.795094
100 0.322391
101 0.98033
102 0.863465
103 0.588666
104 0.724451
105 0.706728
106 0.562188
107 0.701743
108 0.723693
109 0.63856
110 0.658479
111 0.687025
112 0.628743
113 0.858906
114 0.528551
115 0.51619
116 0.775569
117 0.741227
118 0.944483
119 0.516814
120 0.547556
121 0.608698
122 0.852766
123 0.685216
124 0.304172
125 0.8172
126 0.424369
127 0.676132
128 0.663027
129 0.590442
130 0.454836
131 0.486099
132 0.622399
133 0.59138
134 0.716208
135 0.801198
136 0.561471
137 0.40719
138 0.706038
139 0.771284
140 0.0760635
141 0.602599
142 0.675558
143 0.50947
144 0.615042
145 0.813707
146 0.74996
147 0.73172
148 0.629152
149 0.744656
150 0.846847
151 0.815818
152 0.861505
153 0.901646
154 0.702821
155 0.853288
156 0.850405
157 0.796257
158 0.610843
159 0.678851
160 0.663142
161 0.504492
162 0.763536
163 0.532158
164 0.46978
165 0.487187
166 0.418694
167 0.702303
168 0.474765
169 0.485866
170 0.602483
171 0.632621
172 0.886557
173 0.854177
174 0.890948
175 0.974374
176 0.919818
177 0.673518
178 0.693199
179 0.894504
180 0.790988
181 0.757293
182 0.777804
183 0.637
184 0.541738
185 0.524254
186 0.69556
187 0.6714
188 0.678718
189 0.576306
190 0.550648
191 0.814766
192 0.881064
193 0.452699
194 0.833696
195 0.730816
196 0.732087
197 0.144064
198 0.201785
199 0.650835
200 0.374371
201 0.324886
202 0.618024
203 0.692634
204 0.479762
205 0.670095
206 0.879011
207 0.624398
208 0.53062
209 0.633274
210 0.573458
211 0.870388
212 0.286946
213 0.383
214 0.312401
215 0.233976
216 0.664395
217 0.509506
218 0.501634
219 0.566186
220 0.590632
221 0.535605
222 0.673841
223 0.807987
224 0.377279
225 0.417711
226 0.697284
227 0.80817
228 0.321382
229 0.375787
230 0.643796
231 0.719229
232 0.755039
233 0.471431
234 0.645821
235 0.895412
236 0.732042
237 0.657826
238 0.613722
239 0.713664
240 0.56141
241 0.676376
242 0.716088
243 0.792091
244 0.164723
245 0.718651
246 0.655129
247 0.683949
248 0.740855
249 0.854093
250 0.456829
251 0.914585
252 0.789267
253 0.710269
254 0.7234
255 0.611063
256 0.566604
257 0.823418
258 0.601698
259 0.60155
260 0.582725
261 0.659817
262 0.729255
263 0.826714
264 0.763825
265 0.888278
266 0.86649
267 0.411765
268 0.825882
269 0.590593
270 0.496519
271 0.702942
272 0.662457
273 0.527105
274 0.620504
275 0.59948
276 0.37519
277 0.287707
278 0.789535
279 0.902759
280 0.939809
281 0.959133
282 0.649517
283 0.767106
284 0.801517
285 0.597057
286 0.85317
287 0.82493
288 0.898085
289 0.525411
290 0.960731
291 0.208803
292 0.715377
293 0.786548
294 0.522184
295 0.620426
296 0.859654
297 0.847462
298 0.490813
299 0.288598
300 0.705455
301 0.867468
302 0.449862
303 0.780275
304 0.760185
305 0.426203
306 0.526279
307 0.73075
308 0.825481
309 0.703969
310 0.660832
311 0.90071
312 0.911575
313 0.619725
314 0.70883
315 0.74602
316 0.721942
317 0.579722
318 0.32407
319 0.807318
320 0.378056
321 0.48029
322 0.838816
323 0.581801
324 0.682765
325 0.645841
326 0.6022
327 0.810219
328 0.602283
329 0.827242
330 0.760615
331 0.643642
332 0.673486
333 0.692523
334 0.914359
335 0.955059
336 0.415772
337 0.843258
338 0.503932
339 0.791458
340 0.285956
341 0.818555
342 0.443998
343 0.758668
344 0.358909
345 0.480308
346 0.675871
347 0.55059
348 0.510346
349 0.753104
350 0.869479
351 0.824363
352 0.712634
353 0.523015
354 0.592839
355 0.407622
356 0.73202
357 0.572509
358 0.833826
359 0.803023
360 0.707459
361 0.27341
362 0.355935
363 0.657501
364 0.686642
365 0.60321
366 0.633663
367 0.593536
368 0.746509
369 0.348452
370 0.682499
371 0.677044
372 0.83147
373 0.653867
374 0.563534
375 0.533696
376 0.53279
377 0.741491
378 0.683548
379 0.623046
380 0.982893
381 0.876962
382 0.384149
383 0.0902245
384 0.468595
385 0.978042
386 0.618088
387 0.773515
388 0.604132
389 0.457409
390 0.663174
391 0.631232
392 0.945496
393 0.745585
394 0.405031
395 0.262553
396 0.26931
397 0.282412
398 0.481331
399 0.467715
400 0.588023
401 0.430597
402 0.405649
403 0.631029
404 0.612493
405 0.235459
406 0.703137
407 0.813278
408 0.47046
409 0.310159
410 0.731566
411 0.774646
412 0.547375
413 0.501587
414 0.332024
415 0.766668
416 0.71957
417 0.892119
418 0.603754
419 0.545801
420 0.529458
421 0.763485
422 0.60342
423 0.438932
424 0.540427
425 0.571655
426 0.524227
427 0.538228
428 0.53163
429 0.332848
430 0.319731
431 0.605219
432 0.430523
433 0.791304
434 0.255749
435 0.26677
436 0.55897
437 0.636318
438 0.512233
439 0.847604
440 0.839292
441 0.49433
442 0.70014
443 0.476057
444 0.399648
445 0.333349
446 0.422614
447 0.624587
448 0.535689
449 0.740069
450 0.608923
451 0.248446
452 0.517049
453 0.566172
454 0.53118
455 0.734641
456 0.291408
457 0.303825
458 0.763958
459 0.96865
460 0.990744
461 0.286989
462 0.75966
463 0.614629
464 0.416519
465 0.470169
466 0.794939
467 0.372137
468 0.898987
469 0.32405
470 0.901089
471 0.810771
472 0.649418
473 0.548716
474 0.367984
475 0.382547
476 0.488307
477 0.679651
478 0.936162
479 0.543941
480 0.81938
481 0.772561
482 0.780311
483 0.272122
484 0.588943
485 0.291081
486 0.927366
487 0.263429
488 0.677861
489 0.661622
490 0.709464
491 0.364973
492 0.918656
493 0.899249
